$ANSIBLE_VAULT;1.1;AES256
61323939663031666664383637633132643639306166326437306335623139343266646533303434
3764396532383033623638656566303063616464616365330a333934376433336531353364666661
65323934343135656461613333303930633362613863613738643766366662613665626435306338
6434336535663231330a316262303337303632393431336430373761386138393464666563666537
61633735636433393565323436323838303763666464323537326531343163646166373964346132
64623763363638663062376465393830656132666262393835656136646161313436376538313330
31356562666565343566343935323338353765393361663539393638623339666633373636656366
64343865613233626138333338656262636137643764383130333162363766336536323964333134
30623338326539386438343332356361613435653261643635666461623364666636353136383666
61633461626362363332316563623630386366383738626332333232363662646536613230633765
61363562333762333263653731663338393437623566623930353666346331343138393832346536
30333630356439643963656333363439663363376165393435323161313366616635323237623733
66643739396465336364323261316139306639303365613061326335316133323666643932333832
62353766333037303938376566633563393138663830656366353338373463666465333764613035
63616336373064336665336439616332366464316366326164366639343466666337656638623862
39313538356536633039
