$ANSIBLE_VAULT;1.1;AES256
61363739653630393732663864336466366333656634303663396432343334386139333730323462
3961336439386334623936373965366563383565333831630a363430323335333863383632346533
61366165316630663064336630613433653762613261643432306535666433646433393338393764
3361373363356536660a323732383030626538356336666463653030643835343862633462336631
62356130346565373032646465363238356664613664623864353366323834623066626432323564
36393163373866313933313433613730646461363138343637623565616130353061316163373338
63643436653164376466636134356331383864346266623836623935343731323062653763333536
37343966336636326266356564653963366135663631613237396266623038633130366230326135
39643637633133653533323836316332333966386237373964646362653962336365653435393536
64333865633261653230643437333936646635613230653666363433626535373161653235626463
39363431383338643566616133393439306265666537633533393239626262653432376362376338
62313233643332666261666338613764663066656334346338363462663334363935353133663839
66663335353361373734663864306134336438373962396362633862353938653834643462623433
39326535623662396234653433373964626533383666656265326333333632393364323165623339
65306534303138623134393335323065383036626165323936356636323933336562646330613063
64643361323136346532643230643863366631396161313337616536363938353133353734323762
61356232306361613262666464613935643434393562643666393234396166616336343633663065
39313630396330633834396133383734363664643963353432323934643435333264636335316230
36643336353837663331353863363038613565653961303365323438636634363361613932306437
64613564353931353530636436323262653937626161396334303836393366333065663932326538
36346637653661346365626337623931663934376134656364386331393134306166363566306235
35366536306566306230353933376565336134633165646138313265356333353465336337313066
64323738643835393162643537663639326637643139363562323538303563653239323139333266
62616631643732346139336630633239326366313938303337613935386531376230666164313761
61636130626231326261333063636263333966313638353234383431656465663137
